$ 1 0.000005 10.20027730826997 50 5 43 5e-11
a 624 224 752 224 8 12 -12 1000000 0.01463627753020924 0.014635931211123308 100000
r 624 240 624 320 0 10000
g 624 320 624 336 0 0
r 624 240 544 240 0 10000
r 624 208 384 208 0 10000
R 384 208 384 160 0 0 40 1 0 0 0.5
174 496 288 576 240 1 100000 0.005 Threshold
g 496 288 496 304 0 0
R 592 288 592 256 0 0 40 6 0 0 0.5
w 624 144 624 208 0
w 752 144 752 224 0
x 519 324 581 327 4 14 Threshold
x 370 145 401 148 4 14 Peak
w 752 224 832 224 2
d 896 224 832 224 2 default
174 624 144 736 96 1 100000 0.005 Ratio
w 752 96 688 96 0
w 752 96 752 144 0
a 1024 240 1136 240 8 12 -12 1000000 -1.0297242717857643e-7 0 100000
r 896 224 1024 224 0 100000
g 1024 256 1024 288 0 0
r 1024 160 1136 160 0 100000
w 1024 160 1024 224 0
w 1136 160 1136 240 0
w 1136 240 1200 240 2
