$ 1 0.000005 4.818269829109882 50 5 50 5e-11
a 1056 304 1184 304 8 12 -12 1000000 1.2989107667093063 1.2989237558169733 100000
r 1184 304 1280 304 0 150
r 1056 224 1280 224 0 4700
w 1280 224 1280 304 0
w 1056 224 1056 288 0
r 688 304 688 416 0 100000
g 688 416 688 448 0 0
c 688 304 592 304 0 0.000001 -0.0027622964122813176 0.001
174 544 256 592 336 1 100000 0.9950000000000001 Volume
g 544 256 512 256 0 0
R 544 352 336 352 0 4 400 1.4 0 0 0.5
w 1280 304 1392 256 0
c 1056 160 1280 160 0 1.0000000000000001e-7 -2.7755575615628914e-14 0.001
w 1056 160 1056 224 0
w 1280 160 1280 224 0
r 928 320 1056 320 0 1000
162 1056 384 1056 464 2 default-led 1 0 0 0.01
162 1120 464 1120 384 2 default-led 1 0 0 0.01
w 1056 384 1120 384 0
w 1056 384 1056 320 1
w 1056 464 1120 464 0
a 800 320 928 320 9 12 -12 1000000 1.3500753663750062 1.350089010753709 100000
w 800 336 800 400 0
174 800 400 912 448 1 100000 0.005 Drive
r 800 400 800 496 0 47000
w 928 320 928 400 0
g 1056 464 1056 512 0 0
w 800 304 688 304 0
g 800 496 800 528 0 0
w 928 320 944 256 0
w 864 448 928 448 0
w 928 448 928 400 0
o 10 8 0 x81012 5 0.1 0 2 1 0 10 3 0.05 0
o 29 8 0 x81012 10 0.1 1 2 1 0 29 3 0.05 0
o 11 8 0 x81012 5 0.1 2 2 1 0 11 3 0.05 0
o 19 8 0 4097 5 0.000390625 3 2 19 3
