$ 1 0.000015625 9.001713130052181 75 5 50 5e-11
a 160 272 272 272 8 12 -12 1000000 2.6427910970301802 2.6427813456041536 100000
c 160 192 272 192 0 3.3000000000000004e-8 3.617933699721301 0.001
w 160 192 160 256 0
w 272 192 272 272 0
r 160 288 160 384 0 100000
g 160 384 160 416 0 0
w 160 288 64 288 0
w 160 256 112 256 0
w 112 256 64 256 0
r 64 288 -48 288 0 100000
r 112 256 112 512 0 100000
r 64 256 64 512 0 100000
w 64 512 112 512 0
t 160 576 112 576 0 1 -14.643292577920928 -12.000502350221698 100 default
w 112 512 112 560 0
g 112 592 112 624 0 0
r 160 576 528 576 0 10000
a 416 288 528 288 8 12 -12 1000000 -0.9751426026911207 -6.0002512494323375 100000
w 272 272 416 272 0
r 416 368 528 368 0 47000
w 528 288 528 368 0
w 416 304 416 368 0
r 416 368 416 448 0 47000
g 416 448 416 480 0 0
w 528 368 528 576 0
w 272 192 336 144 0
w 528 288 592 240 0
r 64 256 -48 256 0 100000
w -48 256 -48 288 0
w -48 256 -112 256 0
174 -160 208 -112 304 1 100000 0.5495000000000001 Resistance
g -160 208 -192 208 0 0
R -160 304 -208 304 0 0 40 12 0 0 0.5
o 25 8 0 4098 20 0.1 0 4 25 3 26 0 26 3
