$ 1 0.000005 10.20027730826997 50 5 43 5e-11
a 512 288 640 288 9 15 -15 1000000 2.2590043943753897 2.2590269844193336 100000
a 752 224 880 224 8 15 -15 1000000 2.258981804557344 2.2590043943753897 100000
w 752 240 640 240 0
w 640 240 640 288 0
r 640 288 976 288 0 100
r 880 224 976 224 0 100
w 976 224 976 288 0
w 976 224 1024 208 0
w 752 208 752 160 0
w 752 160 880 160 0
w 880 160 880 224 0
w 512 304 512 352 0
w 640 352 640 288 0
R 976 176 976 96 0 0 40 12 0 0 0.5
R 512 272 416 272 0 1 40 2.8 0 0 0.5
r 512 352 640 352 0 10000
o 7 64 0 4098 20 0.1 0 2 7 3
