$ 1 0.000005 10.20027730826997 50 5 43 5e-11
a 928 176 1056 176 8 12 -12 1000000 7.042558699207987 7.042547658179098 100000
t 656 256 704 256 0 1 -7.219465876606712 0.5051748634570774 100 default
t 816 256 768 256 0 1 -7.192389097714824 0.507403684941109 100 default
w 704 240 704 160 0
w 768 240 768 192 0
r 768 192 928 192 0 10000
r 704 160 928 160 0 10000
w 704 272 704 320 0
w 736 320 768 320 0
w 768 320 768 272 0
w 704 320 736 320 0
r 704 160 704 48 0 100000
r 768 192 768 48 0 100000
w 704 48 736 48 0
w 768 48 736 48 0
R 736 48 736 0 0 0 40 12 0 0 0.5
r 736 320 736 448 0 10000
w 576 448 736 448 0
r 928 192 928 288 0 470000
g 928 288 928 304 0 0
g 816 256 816 304 0 0
r 656 256 656 336 0 220
g 656 336 656 352 0 0
r 656 256 336 256 0 100000
R 32 240 -32 192 0 4 300 2.5 0 0 0.5
x 572 231 656 234 4 14 VCA\sAudio\sIn
r 448 464 304 464 0 200000
174 272 432 304 480 1 100000 0.005 CV
g 272 432 240 432 0 0
R 272 560 224 560 0 0 40 12 0 0 0.5
r 928 96 1056 96 0 470000
w 928 96 928 160 0
w 1056 96 1056 176 0
c 928 32 1056 32 0 4.7e-11 8.146661588200597 0.001
w 928 32 928 96 0
w 1056 32 1056 96 0
r 1056 176 1168 176 0 1000
w 1168 176 1200 144 0
r 272 496 272 560 0 47000
a 448 448 576 448 8 12 -12 1000000 0.005779999090900495 0.005768516427889904 100000
r 448 368 576 368 0 33000
w 448 368 448 432 0
w 576 368 576 448 0
r 448 432 336 432 0 200000
r 448 464 448 576 0 33000
g 448 576 448 592 0 0
R 336 432 288 400 0 0 40 7 0 0 0.5
x 557 474 655 477 4 14 Vout\qV(\p)\s-\sV(-)
x 276 385 303 388 4 14 Bias
x 197 592 319 629 4 14 Inverting\sVCA:\s\\nthe\shigher\sthe\sCV,\s\\nthe\slower\sthe\soutput
a 208 256 336 256 8 12 -12 1000000 0.000009849704487705084 0 100000
x 89 137 203 140 4 14 Channel\s1-2\smixer
g 208 272 208 304 0 0
r 208 176 336 176 0 100000
w 336 176 336 256 0
w 208 176 208 240 0
w 208 240 144 240 0
r 144 240 32 240 0 100000
w 144 240 144 304 0
r 144 304 32 304 0 100000
R 32 304 -32 256 0 4 250 2.5 0 0 0.5
w 336 256 336 304 0
x 351 303 441 306 4 14 Inverted\sAudio
o 37 16 0 4354 20 0.1 0 5 37 3 24 3 61 0 61 3
