$ 1 0.000005 10.20027730826997 50 5 43 5e-11
t 432 352 512 352 0 1 -4.999999987250001 2.549999993562956e-9 100 default
r 512 240 512 336 0 1000
R 512 240 512 208 0 0 40 5 0 0 0.5
w 512 336 576 304 0
r 432 352 336 352 0 1000
r 432 352 432 432 0 1000
g 432 432 432 448 0 0
g 512 368 512 400 0 0
R 336 352 288 352 0 2 40 6 6 0 0.5
R 816 352 768 352 0 2 40 6 6 0 0.5
g 992 368 992 400 0 0
r 992 256 992 336 0 10000
r 912 352 816 352 0 100000
w 1072 336 1136 304 0
R 992 256 992 208 0 0 40 12 0 0 0.5
r 1072 336 1072 432 0 7500
t 912 352 992 352 0 1 -5.142856573632707 5.242856548119564e-7 100 default
w 992 336 1072 336 0
g 1072 432 1072 448 0 0
o 8 64 0 4098 20 0.1 0 4 8 3 3 0 3 3
o 9 64 0 4098 20 0.1 1 4 9 3 13 0 13 3
