$ 1 0.000005 10.20027730826997 50 5 43 5e-11
a 480 192 592 192 9 12 -12 1000000 3.9576318380996756 3.9577299999999997 100000
c 480 256 592 256 0 2.1999999999999998e-11 -5.858558194378402 0.001
w 480 208 480 256 0
r 480 320 688 320 0 68000
r 592 192 688 192 0 1000
w 688 192 688 320 0
w 592 192 592 256 0
w 480 256 480 320 0
r 416 256 416 352 0 47000
g 416 352 416 384 0 0
w 480 256 416 256 0
R 352 208 272 208 0 0 40 4.1 0 0 0.5
w 688 192 736 128 0
a 976 208 1088 208 9 12 -12 1000000 4.841736796981747 4.841783631717687 100000
r 688 192 864 192 0 100000
r 864 192 864 272 0 100000
g 864 272 864 304 0 0
w 864 192 976 192 0
r 976 272 1088 272 0 100000
w 976 224 976 272 0
w 1088 208 1088 272 0
r 976 272 976 464 0 100000
w 1088 208 1136 144 0
174 352 144 384 192 1 100000 0.9653 Input Voltage
g 352 144 352 112 0 0
w 384 176 480 176 0
R 896 448 896 400 0 0 40 5 0 0 0.5
S 976 464 896 464 0 1 false 0 2
g 896 480 896 512 0 0
o 12 64 0 4098 20 0.1 0 2 12 3
o 22 64 0 4098 20 0.1 1 2 22 3
