$ 1 0.000005 10.20027730826997 50 5 43 5e-11
a 672 272 800 272 8 12 -12 1000000 0.02313932019076673 0.02312463121368794 100000
r 672 192 800 192 0 100000
w 672 192 672 256 0
w 800 192 800 272 0
r 800 272 928 272 0 1000
r 560 256 560 336 0 47000
r 560 336 560 416 0 47000
w 560 336 672 336 0
w 672 288 672 336 0
174 384 304 480 336 1 100000 0.005 Attenuation
w 512 336 560 336 0
r 560 256 672 256 0 100000
w 560 256 480 256 0
w 480 304 480 256 0
g 384 304 384 336 0 0
g 560 416 560 432 0 0
R 480 256 416 208 0 1 40 5 0 0 0.5
w 928 272 976 224 0
w 432 336 512 336 0
o 16 64 0 4098 5 0.1 0 4 16 3 17 0 17 3
