$ 1 0.000005 4.43302224444953 48 5 43 5e-11
a 304 160 416 160 8 15 -15 1000000 0.5372689829568269 0.5372743556466565 100000
w 304 144 304 96 0
w 304 96 416 96 0
w 416 96 416 160 0
R 208 208 64 208 0 4 400 5 0 0 0.5
w 480 160 512 128 0
g 304 368 304 384 0 0
r 480 160 416 160 0 1000
r 304 176 240 176 0 1000
w 304 288 352 288 0
w 304 368 352 368 0
w 304 176 304 288 1
162 304 288 304 368 2 default-led 1 0 0 0.01
162 352 368 352 288 2 default-led 1 0 0 0.01
174 208 144 240 192 1 10000 0.9950000000000001 Resistance
g 208 144 176 144 0 0
o 5 8 0 4098 2.5 0.1 0 2 5 3
o 8 8 0 4097 5 0.00625 1 2 8 3
