$ 1 0.000005 0.41233529972698213 50 5 50 5e-11
174 544 256 592 336 1 100000 0.24260000000000004 Line out
g 544 256 512 256 0 0
R 544 352 480 352 0 4 400 5 0 0 0.5
r 928 320 1056 320 0 1000
162 1056 384 1056 464 2 default-led 1 0 0 0.01
162 1120 464 1120 384 2 default-led 1 0 0 0.01
w 1056 384 1120 384 0
w 1056 384 1056 320 1
w 1056 464 1120 464 0
a 800 320 928 320 9 12 -12 1000000 -0.06792426110483299 -0.06792801237652583 100000
174 928 400 816 432 1 100000 0.9950000000000001 Drive
w 928 320 928 400 0
g 800 528 800 544 0 0
w 928 320 944 256 0
a 1296 368 1424 368 9 12 -12 1000000 -0.3393132946546305 -0.339316687787577 100000
w 1216 320 1056 320 0
w 1296 384 1296 448 0
w 1424 368 1424 448 0
w 1424 368 1456 320 0
209 592 304 800 304 0 0.000009999999999999999 -5.060257768363385e-13 0.001 12
w 800 336 800 400 0
r 800 432 800 528 0 22000
w 800 432 864 432 0
w 800 432 800 400 0
g 1056 464 1056 496 0 0
174 1216 384 1248 320 1 10000 0.9950000000000001 Master Volume
g 1216 384 1216 416 0 0
w 1296 448 1424 448 0
w 1296 352 1248 352 0
o 2 8 0 x81012 5 0.1 0 2 2 -1 2 3 0.05 0
o 13 8 0 x81112 1.25 0.1 1 2 2 0 13 3 0.05 0
o 18 8 0 x81012 5 0.1 2 2 2 0 18 3 0.05 0
