$ 1 0.000005 10.20027730826997 50 5 43 5e-11
a 848 336 976 336 8 12 -12 1000000 -0.29963628156908956 -0.29963927793190526 100000
a 592 352 720 352 9 12 -12 1000000 -0.29963927793190526 -0.2996422743246846 100000
w 848 320 848 256 0
w 848 256 976 256 0
w 976 256 976 336 0
w 720 352 848 352 0
w 720 352 720 464 0
w 592 368 592 464 0
w 592 464 720 464 0
w 720 464 1040 464 0
w 976 336 1040 336 0
r 1040 336 1136 336 0 220
r 1040 464 1136 464 0 220
w 1136 336 1136 464 0
w 1136 336 1200 336 0
w 592 336 480 336 0
w 480 336 480 640 0
w 592 640 480 640 0
w 1136 640 1200 640 0
w 1136 640 1136 768 0
r 1040 768 1136 768 0 220
r 1040 640 1136 640 0 220
w 976 640 1040 640 1
w 720 768 1040 768 0
w 592 768 720 768 0
w 592 672 592 768 0
w 720 656 720 768 0
w 720 656 848 656 0
w 976 560 976 640 0
w 848 560 976 560 0
w 848 624 848 560 0
a 592 656 720 656 9 12 -12 1000000 -0.29963927793190526 -0.2996422743246846 100000
a 848 640 976 640 8 12 -12 1000000 -0.29963628156908956 -0.29963927793190526 100000
w 480 336 352 336 0
R 352 336 304 288 0 1 40 1.7 0 0 0.5
x 1208 270 1324 273 4 24 LEFT\sOUT
x 1209 612 1340 615 4 24 RIGHT\sOUT
g 1200 640 1200 736 0 0
x 1235 686 1640 716 4 24 What\shappens\sif\soutput\sis\sused\swith\sa\s\\nTS\scable\s(right\schannel\sis\sgrounded)?
o 14 64 0 4098 5 0.1 0 4 14 3 18 0 18 3
o 22 64 0 4097 5 0.05 1 2 22 3
