$ 1 0.000005 18.278915558614752 58 5 43 5e-11
a 320 368 448 368 9 12 -12 1000000 0 1.2348858107813498 100000
r 320 288 448 288 0 200000
w 448 288 448 368 0
w 320 288 320 352 0
r 448 368 560 368 0 470000
174 560 368 560 464 1 500000 0.005 Rate
r 560 464 560 544 0 220
g 560 544 560 576 0 0
r 576 416 720 416 0 1000000
a 720 400 832 400 9 12 -12 1000000 0.00003888225457194806 0 100000
g 720 384 704 384 0 0
c 720 480 832 480 0 3.3e-9 3.8882643394493783 0.001
w 720 416 720 480 0
w 832 400 832 480 0
r 320 208 832 208 0 100000
w 832 208 832 400 0
w 320 208 320 288 0
g 320 384 320 432 0 0
r 320 352 208 352 0 5100000
R 208 352 208 416 0 0 40 -12 0 0 0.5
r 832 400 960 400 0 2000
r 960 400 960 480 0 10000
g 960 480 960 512 0 0
w 704 288 768 256 0
r 448 288 608 288 0 12000
r 608 288 608 352 0 10000
g 608 352 608 368 0 0
r 608 288 704 288 0 1000
r 960 400 1056 400 0 1000
g 1056 464 1056 480 0 0
174 1056 400 1104 448 1 100000 0.005 Resistance
g 1280 528 1280 576 0 0
R 1328 544 1328 608 0 0 40 -12 0 0 0.5
t 1280 528 1328 528 0 -1 12 0.03462498844709609 100 default
162 1328 416 1328 512 2 default-led 1 0 0 0.01
r 1264 400 1056 400 0 47000
t 1264 400 1328 400 0 1 -15.156026270338428 -3.1330774634754843 100 default
r 1328 304 1328 384 0 4700
R 1328 304 1328 224 0 0 40 12 0 0 0.5
w 1056 400 1104 320 0
a 1216 688 1344 688 8 15 -15 1000000 -3.140215579362524 -3.140246981518318 100000
w 1216 704 1104 704 0
w 1104 432 1104 704 0
w 1216 672 1216 624 0
w 1216 624 1344 624 0
w 1344 624 1344 688 0
w 1344 688 1440 624 0
o 23 64 0 4098 20 0.1 0 2 23 3
o 39 64 0 4098 10 0.1 1 4 39 3 46 0 46 3
