$ 1 0.000005 10.20027730826997 50 5 43 5e-11
R 576 192 576 112 0 0 40 12 0 0 0.5
r 576 192 576 272 0 4700
t 512 288 576 288 0 1 -13.330895021509427 -1.3136855414759776 100 default
r 512 288 304 288 0 47000
162 576 304 576 400 2 default-led 1 0 0 0.01
t 528 416 576 416 0 -1 12 0.028897079576325212 100 default
R 576 432 576 496 0 0 40 -12 0 0 0.5
g 528 416 528 464 0 0
R 32 304 -32 304 0 3 40 12 0 0 0.5
174 304 288 352 336 1 1000 0.9950000000000001 Resistance
g 304 352 304 368 0 0
a 32 288 128 288 8 15 -15 1000000 -5.855941444365991 -5.856000003780434 100000
w 32 208 32 272 0
w 32 208 128 208 0
w 128 208 128 288 0
r 128 288 224 288 0 2000
r 224 288 224 352 0 10000
r 224 288 304 288 0 1000
g 224 352 224 368 0 0
o 4 64 0 4097 5 0.025 0 2 4 3
