$ 1 0.000005 10.20027730826997 50 5 43 5e-11
a 928 176 1056 176 8 12 -12 1000000 9.017588530523994 9.01760560919555 100000
t 656 256 704 256 0 1 -9.164423259083932 0.48246992549867157 100 default
t 816 256 768 256 0 1 -9.20946955832737 0.47290501898337095 100 default
w 704 240 704 160 0
w 768 240 768 192 0
r 768 192 928 192 0 10000
r 704 160 928 160 0 10000
w 704 272 704 320 0
w 736 320 768 320 0
w 768 320 768 272 0
w 704 320 736 320 0
r 704 160 704 48 0 100000
r 768 192 768 48 0 100000
w 704 48 736 48 0
w 768 48 736 48 0
R 736 48 736 0 0 0 40 12 0 0 0.5
r 736 320 736 448 0 10000
w 576 448 736 448 0
r 928 192 928 288 0 470000
g 928 288 928 304 0 0
g 816 256 816 304 0 0
r 656 256 656 336 0 220
g 656 336 656 352 0 0
r 1200 176 1056 176 0 100000
R 112 240 48 192 0 4 300 5 0 0 0.5
x 572 231 656 234 4 14 VCA\sAudio\sIn
r 368 528 224 528 0 200000
r 928 96 1056 96 0 470000
w 928 96 928 160 0
w 1056 96 1056 176 0
c 928 32 1056 32 0 4.7e-11 7.309721375031885 0.001
w 928 32 928 96 0
w 1056 32 1056 96 0
w 1504 192 1536 160 0
a 448 448 576 448 8 12 -12 1000000 0.000006884293793641398 0 100000
r 448 368 576 368 0 33000
w 448 368 448 432 0
w 576 368 576 448 0
r 368 432 256 432 0 200000
g 448 464 448 592 0 0
R 256 432 208 400 0 0 40 7 0 0 0.5
x 557 474 655 477 4 14 Vout\qV(\p)\s-\sV(-)
x 196 385 223 388 4 14 Bias
a 1280 192 1408 192 8 12 -12 1000000 0.000004702777967171632 0 100000
x 238 133 352 136 4 14 Channel\s1-2\smixer
g 1280 208 1280 240 0 0
r 1280 112 1408 112 0 100000
w 1408 112 1408 192 0
w 1280 112 1280 176 0
r 224 240 112 240 0 100000
r 224 304 112 304 0 100000
R 112 304 48 256 0 4 250 5 0 0 0.5
w 432 144 400 176 0
x 436 129 549 132 4 14 Audio\sin\s(inverted)
w 368 432 368 528 0
w 368 432 448 432 0
a -64 528 64 528 8 12 -12 1000000 0.000029707421949149393 0 100000
r -64 512 -176 512 0 20000
g -64 544 -64 592 0 0
174 -64 464 64 464 1 100000 0.6485000000000001 Threshold
w 0 448 0 432 0
w 0 432 64 432 0
w 64 432 64 464 0
w 64 464 64 528 0
w -64 464 -64 512 0
w 160 528 160 464 2
34 5.1 1 1.7143528192810002e-7 0 2.0000000000000084 5.1 1
z 160 528 160 592 2 5.1
g 160 592 160 624 0 0
r 64 528 160 528 0 10000
w 160 528 224 528 0
x -32 591 122 594 4 14 Peak\samp\swith\smax\s5.1V
a -400 512 -288 512 8 12 -12 1000000 0.9024513059446977 0 100000
d -288 512 -240 512 2 default
c -240 512 -240 576 0 0.00001 0.9024513059446977 0.001
g -240 576 -240 592 0 0
r -176 512 -176 576 0 10000
g -176 576 -176 592 0 0
w -176 512 -240 512 0
w -240 512 -240 448 0
w -240 448 -400 448 0
w -400 448 -400 496 0
s -496 528 -400 528 0 1 true
R -496 528 -544 480 0 4 400 1.7 0 0 0.5
w -176 512 -176 464 2
a 288 256 400 256 8 15 -15 1000000 -0.00004369868896063509 0 100000
w 224 240 288 240 0
r 288 688 -496 688 0 100000
w -496 528 -496 688 0
g 288 272 288 304 0 0
r 288 176 400 176 0 100000
w 400 176 400 256 0
w 288 176 288 240 0
r 1408 192 1504 192 0 1000
x -150 298 77 301 4 14 Needs\schannel\svolume\scontrols\shere
x -502 710 -282 713 4 14 Needs\schannel\svolume\scontrol\shere
x 1290 86 1491 89 4 14 Needs\smain\svolume\scontrol\shere
r 656 256 400 256 0 100000
w 224 304 224 240 0
a 288 704 416 704 8 12 -12 1000000 0.000012375752504410424 0 100000
g 288 720 288 752 0 0
r 288 624 416 624 0 100000
w 288 624 288 688 0
w 416 624 416 704 0
w 1200 176 1280 176 0
r 416 704 1200 704 0 100000
w 1200 176 1200 704 0
x -43 413 78 416 4 14 Threshold/Ctrl\sGain
x 181 556 272 559 4 14 Limit\sreduction
x 361 673 397 676 4 18 Q1A
x 1344 236 1380 239 4 18 Q1B
x 997 228 1033 231 4 18 Q2B
x 508 503 544 506 4 18 Q2A
x -342 475 -306 478 4 18 Q3A
x 7 497 43 500 4 18 Q3B
x 345 215 381 218 4 18 Q4A
o 33 16 3 4354 19.999399942064617 0.0001 0 4 24 3 52 0 52 3
o 83 16 0 4098 2.5 0.1 1 2 83 3
o 33 16 0 4098 10 0.1 2 2 33 3
