$ 1 0.000005 10.20027730826997 50 5 43 5e-11
a 928 176 1056 176 8 12 -12 1000000 8.122172279797319 8.122189318488031 100000
t 656 256 704 256 0 1 -8.255083371020758 0.498712993198176 100 default
t 816 256 768 256 0 1 -8.295001857179267 0.4940783076897452 100 default
w 704 240 704 160 0
w 768 240 768 192 0
r 768 192 928 192 0 10000
r 704 160 928 160 0 10000
w 704 272 704 320 0
w 736 320 768 320 0
w 768 320 768 272 0
w 704 320 736 320 0
r 704 160 704 48 0 100000
r 768 192 768 48 0 100000
w 704 48 736 48 0
w 768 48 736 48 0
R 736 48 736 0 0 0 40 12 0 0 0.5
r 736 320 736 448 0 10000
w 576 448 736 448 0
r 928 192 928 288 0 470000
g 928 288 928 304 0 0
g 816 256 816 304 0 0
r 656 256 656 336 0 220
g 656 336 656 352 0 0
r 1200 176 1056 176 0 100000
R 112 240 48 192 0 4 300 5 0 0 0.5
x 572 231 656 234 4 14 VCA\sAudio\sIn
r 368 528 272 528 0 200000
r 928 96 1056 96 0 470000
w 928 96 928 160 0
w 1056 96 1056 176 0
c 928 32 1056 32 0 4.7e-11 6.418303208585945 0.001
w 928 32 928 96 0
w 1056 32 1056 96 0
w 1504 192 1536 160 0
a 448 448 576 448 8 12 -12 1000000 0.000009325895269772461 0 100000
r 448 368 576 368 0 33000
w 448 368 448 432 0
w 576 368 576 448 0
r 368 432 256 432 0 200000
g 448 464 448 592 0 0
R 256 432 208 400 0 0 40 7 0 0 0.5
x 50 575 148 578 4 14 Vout\qV(\p)\s-\sV(-)
x 196 385 223 388 4 14 Bias
a 1280 192 1408 192 8 12 -12 1000000 0.00001703817956672673 0 100000
x 238 133 352 136 4 14 Channel\s1-2\smixer
g 1280 208 1280 240 0 0
r 1280 112 1408 112 0 100000
w 1408 112 1408 192 0
w 1280 112 1280 176 0
r 224 240 112 240 0 100000
r 224 304 112 304 0 100000
R 48 304 -16 256 0 4 250 5 0 0 0.5
w 432 144 400 176 0
x 436 129 549 132 4 14 Audio\sin\s(inverted)
w 368 432 368 528 0
w 368 432 448 432 0
a -528 512 -416 512 8 12 -12 1000000 0.9384889248707724 -1.838540780584056e-11 100000
d -416 512 -368 512 2 default
c -368 512 -368 576 0 0.00001 0.9384889248707724 0.001
g -368 576 -368 592 0 0
r -304 512 -304 576 0 10000
g -304 576 -304 592 0 0
w -304 512 -368 512 0
w -368 512 -368 448 0
w -368 448 -528 448 0
w -528 448 -528 496 0
s -624 528 -528 528 0 1 true
R -624 528 -672 480 0 4 400 1.7 0 0 0.5
w -304 512 -304 464 2
a 288 256 400 256 8 15 -15 1000000 -0.000021349573061574744 0 100000
w 224 240 288 240 0
r 288 688 -528 688 0 100000
w -528 528 -528 688 0
g 288 272 288 304 0 0
r 288 176 400 176 0 100000
w 400 176 400 256 0
w 288 176 288 240 0
r 1408 192 1504 192 0 1000
x -84 325 143 328 4 14 Needs\schannel\svolume\scontrols\shere
x -630 710 -410 713 4 14 Needs\schannel\svolume\scontrol\shere
x 1290 86 1491 89 4 14 Needs\smain\svolume\scontrol\shere
r 656 256 400 256 0 100000
w 224 304 224 240 0
a 288 704 416 704 8 12 -12 1000000 1.2924697069425513e-26 0 100000
g 288 720 288 752 0 0
r 288 624 416 624 0 100000
w 288 624 288 688 0
w 416 624 416 704 0
w 1200 176 1280 176 0
r 416 704 1200 704 0 100000
w 1200 176 1200 704 0
x 171 556 370 559 4 14 Limit\sreduction\sto\snegatives\sonly
x 361 673 397 676 4 18 Q1A
x 1344 236 1380 239 4 18 Q1B
x 997 228 1033 231 4 18 Q2B
x 508 503 544 506 4 18 Q2A
x -470 475 -434 478 4 18 Q3A
x 345 215 381 218 4 18 Q4A
w 128 400 128 448 0
w 128 400 64 400 0
174 0 448 112 400 1 100000 0.6386000000000001 Ratio
d 272 528 208 528 2 default
w 128 528 208 528 2
x -320 448 -289 451 4 14 Peak
x -105 628 -43 631 4 14 Threshold
w 128 448 128 528 0
w 0 448 0 512 0
R -32 592 -32 560 0 0 40 6 0 0 0.5
g -128 592 -128 608 0 0
174 -128 592 -48 544 1 100000 0.15350000000000003 Threshold
r 0 512 -304 512 0 20000
r 0 544 -80 544 0 20000
g 0 624 0 640 0 0
r 0 544 0 624 0 20000
a 0 528 128 528 8 12 -12 1000000 0.34760338594647205 0.34758799500507365 100000
w -80 544 -144 544 2
w 416 704 416 752 0
o 33 16 3 4354 19.999399942064617 0.0001 0 4 24 3 52 0 52 3
o 68 16 3 4098 2.5 0.1 1 6 67 3 68 0 68 3 116 0 116 3
o 33 16 0 4098 20 0.1 2 2 33 3
