$ 1 0.000005 10.20027730826997 50 5 43 5e-11
a 496 240 640 240 9 12 -12 1000000 2.9133947210459494 2.9134529889403704 100000
r 496 336 496 432 0 10000
w 496 256 496 336 0
r 496 336 640 336 0 10000
w 640 240 640 336 0
g 496 432 496 464 0 0
d 448 224 448 160 2 1N4148
R 448 160 448 128 0 0 40 12 0 0 0.5
w 640 240 720 208 0
d 448 288 448 224 2 1N4148
R 448 288 448 320 0 0 40 -12 0 0 0.5
w 448 224 496 224 0
R 368 384 240 384 0 1 40 5 0 0 0.5
r 448 224 368 224 0 10000
w 640 592 720 560 0
g 496 784 496 816 0 0
w 640 592 640 688 0
r 496 688 640 688 0 10000
w 496 608 496 688 0
r 496 688 496 784 0 10000
a 496 592 640 592 9 12 -12 1000000 2.913394725493721 2.913452993388231 100000
w 368 384 368 224 0
w 496 576 368 576 0
w 368 576 368 384 0
x 216 607 468 610 4 24 Without\sinput\sprotection
x 206 187 424 190 4 24 With\sinput\sprotection
o 8 64 0 4098 20 0.1 0 4 8 3 14 0 14 3
