$ 1 0.000005 10.20027730826997 50 5 43 5e-11
a 1264 480 1152 480 8 12 -12 1000000 -0.00003237571929708675 0 100000
g 1264 496 1264 528 0 0
r 1264 464 1408 464 0 220000
r 1152 384 1264 384 0 100000
w 1152 384 1152 480 0
w 1264 384 1264 464 0
a 928 192 1088 192 9 12 -12 1000000 2.6676622641907954 0.18381593484186495 100000
a 1280 208 1424 208 8 12 -12 1000000 -0.00005000032654801113 0 100000
r 1088 192 1280 192 0 240000
r 928 96 1088 96 0 2200000
w 1088 96 1088 192 0
w 928 96 928 176 0
r 928 208 928 304 0 220000
r 928 208 816 208 0 47000
w 816 208 816 480 0
w 816 480 1152 480 0
g 928 304 928 336 0 0
r 928 176 704 176 0 2200
R 704 176 608 128 0 4 300 5 0 0 0.5
r 1280 112 1424 112 0 100000
w 1280 112 1280 192 0
w 1424 112 1424 208 0
g 1280 224 1280 256 0 0
r 1424 208 1536 208 0 1000
w 1536 208 1600 160 0
174 1456 416 1408 496 1 1000 0.203 Resistance
R 1456 512 1456 544 0 0 40 12 0 0 0.5
R 1456 416 1456 384 0 0 40 -12 0 0 0.5
o 24 16 0 4098 10 0.1 0 4 24 3 18 0 18 3
