$ 1 0.000005 75.37042125545614 50 5 43 5e-11
r 560 192 672 192 0 10000
w 560 192 560 272 0
w 672 192 672 288 0
r 560 384 672 384 0 100000
w 672 288 672 384 0
174 560 384 496 352 1 1000000 0.16340000000000002 Frequency
w 528 352 528 304 0
w 528 304 560 304 0
r 496 384 496 496 0 4700
g 496 496 496 528 0 0
c 560 272 448 272 0 1.0000000000000001e-7 6.812258415493622 0.001
g 448 272 448 304 0 0
w 672 288 736 272 0
409 560 288 672 288 1 0.6 0 0.023100000000000002 2
R 608 256 608 224 0 0 40 12 0 0 0.5
R 608 320 608 352 0 0 40 -12 0 0 0.5
o 12 64 0 4098 20 0.1 0 2 12 3
