$ 1 0.000005 11.086722712598126 53 5 43 5e-11
a 816 384 944 384 8 15 -15 1000000 0.000016687225090384348 0 100000
r 720 368 816 368 0 1000000
c 816 304 944 304 0 3.3e-9 1.6687391962635252 0.001
w 816 304 816 368 0
w 944 304 944 384 0
g 816 400 816 432 0 0
a 480 336 608 336 8 15 -15 1000000 0 -6.188653272811706 100000
w 480 352 480 400 0
r 480 400 608 400 0 200000
r 480 544 944 544 0 100000
g 480 320 432 320 0 0
w 944 384 1024 352 0
w 608 336 608 400 0
w 480 400 480 544 0
r 608 336 688 336 0 470000
174 688 336 720 400 1 500000 0.5198 Rate
r 688 400 688 464 0 220
g 688 464 688 480 0 0
w 944 384 944 544 0
w 480 400 416 400 0
r 416 400 416 496 0 5100000
R 416 496 416 544 0 0 40 -12 0 0 0.5
o 11 64 0 4098 10 0.1 0 2 11 3
