$ 1 0.000005 18.278915558614752 58 5 43 5e-11
a 320 368 448 368 9 12 -12 1000000 0 4.685640629027432 100000
r 320 288 448 288 0 200000
w 448 288 448 368 0
w 320 288 320 352 0
r 448 368 560 368 0 470000
174 560 368 560 464 1 500000 0.5 Rate
r 560 464 560 544 0 220
g 560 544 560 576 0 0
r 576 416 720 416 0 1000000
a 720 400 832 400 9 12 -12 1000000 -0.000013553960916102697 0 100000
g 720 384 704 384 0 0
c 720 480 832 480 0 3.3e-9 -1.3554096455711857 0.001
w 720 416 720 480 0
w 832 400 832 480 0
r 320 208 832 208 0 100000
w 832 208 832 400 0
w 320 208 320 288 0
g 320 384 320 432 0 0
w 1056 400 1120 368 0
r 320 352 208 352 0 5100000
R 208 352 208 416 0 0 40 -12 0 0 0.5
r 832 400 960 400 0 2000
r 960 400 960 480 0 10000
g 960 480 960 512 0 0
w 704 288 768 256 0
r 448 288 608 288 0 12000
r 608 288 608 352 0 10000
g 608 352 608 368 0 0
r 608 288 704 288 0 1000
r 960 400 1056 400 0 1000
o 18 64 0 4098 20 0.1 0 4 18 3 24 0 24 3
