$ 1 0.000005 10.20027730826997 50 5 43 5e-11
a 672 224 816 224 8 12 -12 1000000 0.000016493542263059806 0 100000
g 672 240 672 272 0 0
r 672 144 816 144 0 33000
w 672 144 672 208 0
w 816 144 816 224 0
w 672 208 576 208 0
r 448 272 576 272 0 100000
R 448 272 448 320 0 0 40 5 0 0 0.5
r 576 208 448 208 0 120000
R 416 176 368 144 0 1 400 12 0 0 0.5
w 448 208 496 160 0
w 576 208 576 272 0
a 960 240 1104 240 8 12 -12 1000000 -0.000016493212398811832 0 100000
r 816 224 960 224 0 100000
r 960 160 1104 160 0 100000
g 960 256 960 288 0 0
w 960 160 960 224 0
w 1104 160 1104 240 0
r 1104 240 1200 240 0 1000
d 1200 240 1200 176 2 1N5712
d 1200 304 1200 240 2 1N5712
R 1200 176 1200 144 0 0 40 3.3 0 0 0.5
g 1200 304 1200 320 0 0
174 416 240 448 176 1 100000 0.005 Resistance
g 416 240 368 240 0 0
w 1200 240 1264 208 0
o 10 8 0 4354 0.3125 0.1 0 2 10 3
o 25 8 0 4354 5 0.1 1 2 25 3
