$ 1 0.000005 34.14951009862697 50 5 43 5e-11
r 368 448 480 448 0 1000000
w 480 320 480 448 0
w 368 336 368 448 0
r 368 336 256 336 0 1000
r 256 336 256 432 0 100000
g 256 432 256 448 0 0
w 368 304 368 128 0
w 368 128 224 128 0
r 224 128 224 208 0 1000
g 224 208 224 224 0 0
r 224 48 224 128 0 22000
R 224 48 224 16 0 0 40 12 0 0 0.5
s 144 336 256 336 0 1 true
R 144 336 112 288 0 0 40 5 0 0 0.5
c 480 320 656 320 0 1e-8 25.79310661936269 0.001
r 656 320 656 416 0 1000000
g 656 416 656 432 0 0
r 656 320 768 320 0 1000000
w 768 320 768 208 0
w 656 192 656 112 0
r 768 320 880 320 0 10000
r 768 208 880 208 0 1000
d 880 208 976 208 2 default
174 976 208 1056 160 1 500000 0.9950000000000001 Attack
w 1024 160 976 160 0
w 976 160 976 208 0
x 999 234 1037 237 4 14 Attack
w 656 112 1200 112 0
w 1200 112 1200 176 0
w 1200 112 1312 112 0
w 1312 112 1312 192 0
174 976 320 880 352 1 10000 0.22280000000000003 Sustain
r 976 320 1056 320 0 4700
R 1056 320 1056 272 0 0 40 12 0 0 0.5
w 928 352 928 384 0
d 1040 384 928 384 2 default
174 1136 384 1040 416 1 500000 0.9950000000000001 Decay
w 1088 416 1136 416 0
w 1136 384 1136 416 0
w 1072 208 1200 208 0
w 1200 208 1200 384 0
w 1200 384 1136 384 0
w 1200 480 1136 480 0
w 1136 480 1136 512 0
w 1088 512 1136 512 0
174 1136 480 1040 512 1 500000 0.005 Release
t 800 528 864 528 0 -1 15.000589966641746 9.84908784996599 100 default
w 480 448 480 528 0
w 864 512 864 480 0
w 864 480 1040 480 0
w 1200 480 1200 384 0
209 1200 480 1200 560 0 0.000009999999999999999 5.151504630051203 0.001 50
x 908 300 954 303 4 14 Sustain
x 1068 364 1107 367 4 14 Decay
x 1068 460 1119 463 4 14 Release
g 864 544 864 576 0 0
g 1200 560 1200 576 0 0
w 1312 192 1392 192 0
a 1392 208 1504 208 9 12 -12 1000000 3.826129209407725 5.151453115520048 100000
r 1392 288 1504 288 0 47000
w 1504 208 1504 288 0
w 1392 224 1392 288 0
r 1392 288 1392 384 0 22000
g 1392 384 1392 416 0 0
w 1504 208 1568 160 0
r 480 528 800 528 0 100000
a 1200 192 1312 192 8 12 -12 1000000 5.151453115520048 5.151504630051203 100000
a 656 208 768 208 8 15 -15 1000000 5.151453115520048 -10.792515132712856 100000
a 368 320 480 320 8 15 -15 1000000 0.5217391304347826 6.4367556287527306 100000
r 256 240 256 336 0 100000
R 256 240 256 208 0 0 40 12 0 0 0.5
w 656 320 656 224 0
o 64 64 0 4098 20 0.1 0 2 64 3
